06 10 1998
09 30 1998
12 24 1998
01 16 1999
06 05 1999
06 07 1999
06 10 1999
06 24 1999
10 10 1999
10 31 1999
11 08 1999
12 11 1999
12 21 1999
12 31 1999
02 22 2000
02 23 2000
02 24 2000
02 25 2000
02 26 2000
02 27 2000
02 28 2000
02 29 2000
04 22 2000
06 01 2000
06 02 2000
06 03 2000
06 04 2000
06 05 2000
06 06 2000
06 07 2000
06 08 2000
06 09 2000
06 12 2000
06 13 2000
06 14 2000
06 16 2000
06 17 2000
06 18 2000
06 19 2000
06 20 2000
06 21 2000
06 22 2000
06 23 2000
08 11 2000
08 12 2000
08 13 2000
08 14 2000
08 15 2000
08 16 2000
08 17 2000
08 18 2000
08 19 2000
08 20 2000
08 21 2000
08 22 2000
08 23 2000
08 24 2000
08 25 2000
08 26 2000
08 27 2000
08 28 2000
08 29 2000
08 30 2000
08 31 2000
12 07 2000
10 05 2001
03 04 2002
03 24 2002
08 03 2003
08 16 2003
10 20 2003
12 14 2003
12 25 2003
10 31 2004
02 29 2005
03 15 2005
04 06 2005
09 21 2005
02 08 2006
02 13 2006
07 20 2000
08 02 2006
09 26 2006
09 27 2006
09 28 2006
09 29 2006
09 30 2006
10 01 2006
10 02 2006
10 03 2006
10 04 2006
10 05 2006
10 06 2006
10 07 2006
10 08 2006
10 09 2006
10 10 2006
10 11 2006
10 12 2006
10 13 2006
10 14 2006
10 15 2006
10 16 2006
10 17 2006
10 18 2006
10 19 2006
10 20 2006
10 21 2006
10 22 2006
10 23 2006
10 24 2006
10 25 2006
10 26 2006
10 27 2006
10 28 2006
10 29 2006
10 30 2006 
10 31 2006
11 01 2006
11 02 2006
11 03 2006
11 04 2006
11 05 2006
11 06 2006
11 07 2006
11 08 2006
11 09 2006 
11 10 2006
11 11 2006
11 12 2006
11 13 2006
11 14 2006
11 15 2006
11 16 2006
11 17 2006
11 18 2006
11 19 2006
11 20 2006
11 21 2006
11 22 2006
11 23 2006
11 24 2006
11 25 2006
11 26 2006
11 27 2006
11 28 2006
11 29 2006
11 30 2006
12 01 2006
12 02 2006
12 03 2006
12 04 2006
12 05 2006
12 06 2006
12 07 2006
12 08 2006
12 09 2006 
12 10 2006
12 11 2006
12 12 2006
12 13 2006
12 14 2006
12 15 2006
12 16 2006
12 17 2006
12 18 2006
12 19 2006
12 20 2006
12 21 2006
12 22 2006
12 23 2006
12 24 2006
12 25 2006
12 26 2006
12 27 2006
12 28 2006
12 29 2006
12 30 2006
12 31 2006
01 01 2007
01 02 2007
01 03 2007
01 04 2007
01 05 2007
01 06 2007
01 07 2007
01 08 2007
01 09 2007
01 10 2007
01 11 2007
01 12 2007
01 13 2007
01 14 2007
01 15 2007
01 16 2007
01 17 2007
04 30 2009
02 20 2010
12 05 2010
12 16 2010
04 05 2011
12 08 2018
09 18 2015
09 19 2015
09 20 2015
10 04 2015
10 07 2015
10 12 2015
10 14 2015
10 15 2015
10 16 2015
10 17 2015
