Month 1 5260 28003 17 592 9815 32043 576 491 38 91 35 1358 11278 
Month 2 7326 41858 120 1342 3672 20753 1068 659 57 45 34 1358 21295 
Month 3 9256 29627 90 4488 4533 24346 2392 2065 55 49 36 1358 31773 
Month 4 6235 39456 281 4892 1898 18407 3773 1853 57 44 34 1358 41590 
Month 5 7344 29021 375 4910 3107 24180 5502 2357 58 48 35 1358 50848 
Month 6 9637 43437 175 6184 144 14498 2291 431 76 31 42 1358 61470 
Month 7 12554 41795 104 1877 1113 16774 1902 677 91 24 49 1358 71946 
Month 8 11832 35084 101 1199 1404 25116 1538 522 85 28 48 1357 81967 
Month 9 15631 43434 103 974 953 14246 872 582 80 27 43 1358 91738 
Month 10 15755 35929 88 1189 3975 17491 1774 596 63 46 38 1358 101838 
Month 11 12612 23648 93 1153 8838 24819 4969 663 55 57 37 1358 111259 
Month 12 4314 5565 51 2237 11602 43159 9290 579 38 78 31 1339 121393 
