%YAML:1.0
---
opencv_ml_svm:
   format: 3
   svmType: C_SVC
   kernel:
      type: RBF
      gamma: 115.
   C: 10.
   term_criteria: { epsilon:1.1920928955078125e-07, iterations:1000 }
   var_count: 13
   class_count: 3
   class_labels: !!opencv-matrix
      rows: 3
      cols: 1
      dt: i
      data: [ 0, 1, 2 ]
   sv_total: 36
   support_vectors:
      - [ -9.61507976e-01, -9.04191971e-01, -9.92403984e-01,
          -8.71396005e-01, -9.99996006e-01, -9.84055996e-01,
          -9.79367971e-01, -9.99880016e-01, -9.99804378e-01,
          -9.99823987e-01, -9.99888003e-01, -9.95167971e-01,
          -5.90331972e-01 ]
      - [ -9.67423975e-01, -9.02508020e-01, -9.89628017e-01,
          -8.68211985e-01, -1., -9.84571993e-01, -9.80592012e-01,
          -9.99863982e-01, -9.99783993e-01, -9.99867976e-01,
          -9.99899983e-01, -9.95172024e-01, -5.89932024e-01 ]
      - [ -9.96656001e-01, -9.96908009e-01, -9.99984026e-01,
          -9.97215986e-01, -9.99988019e-01, -7.99507976e-01,
          -9.02707994e-01, -9.99831975e-01, -9.99825597e-01,
          -9.99791980e-01, -9.99891579e-01, -9.95195985e-01,
          -5.88732004e-01 ]
      - [ -9.99499977e-01, -7.90419996e-01, -9.99975979e-01,
          -9.80355978e-01, -9.99764025e-01, -9.43063974e-01,
          -9.80036020e-01, -9.99683976e-01, -9.99790013e-01,
          -9.99852002e-01, -9.99892414e-01, -9.95191991e-01,
          -5.59131980e-01 ]
      - [ -9.91487980e-01, -8.63924026e-01, -9.99988019e-01,
          -9.98683989e-01, -1., -9.44736004e-01, -8.93984020e-01,
          -9.99996006e-01, -9.99855995e-01, -9.99791980e-01,
          -9.99920428e-01, -9.93600011e-01, -5.48731983e-01 ]
      - [ -9.88852024e-01, -8.80747974e-01, -9.19116020e-01,
          -9.62300003e-01, -1., -9.60027993e-01, -9.81768012e-01,
          -9.99988019e-01, -9.99660373e-01, -9.99907970e-01,
          -9.99827981e-01, -9.95199978e-01, -7.14331985e-01 ]
      - [ -9.44624007e-01, -9.96079981e-01, -9.98243988e-01,
          -9.45436001e-01, -9.98387992e-01, -8.36215973e-01,
          -9.88691986e-01, -9.85119998e-01, -9.99791980e-01,
          -9.99723971e-01, -9.99831617e-01, -9.94400024e-01,
          -7.94807971e-01 ]
      - [ -9.95284021e-01, -9.94776011e-01, -9.85979974e-01,
          -9.55564022e-01, -9.99804020e-01, -7.94211984e-01,
          -9.71156001e-01, -9.96024013e-01, -9.99783993e-01,
          -9.99779999e-01, -9.99848425e-01, -9.94563997e-01,
          -7.93608010e-01 ]
      - [ -9.55124021e-01, -9.95736003e-01, -9.87627983e-01,
          -9.28812027e-01, -9.99844015e-01, -8.62699986e-01,
          -9.90383983e-01, -9.72572029e-01, -9.99779999e-01,
          -9.99764025e-01, -9.99836028e-01, -9.94563997e-01,
          -7.94408023e-01 ]
      - [ -9.85459983e-01, -9.47647989e-01, -9.87627983e-01,
          -9.40284014e-01, -9.99387980e-01, -8.75508010e-01,
          -9.68307972e-01, -9.88575995e-01, -9.99772012e-01,
          -9.99779999e-01, -9.99836028e-01, -9.94567990e-01,
          -7.91208029e-01 ]
      - [ -9.58423972e-01, -9.98539984e-01, -9.75708008e-01,
          -8.75851989e-01, -9.99884009e-01, -8.99031997e-01,
          -9.86119986e-01, -9.99239981e-01, -9.99747992e-01,
          -9.99816000e-01, -9.99831617e-01, -9.94563997e-01,
          -7.92407990e-01 ]
      - [ -9.65044022e-01, -8.51664007e-01, -1., -9.89655972e-01, -1.,
          -9.34740007e-01, -9.53683972e-01, -9.98012006e-01,
          -9.99692023e-01, -9.99916017e-01, -9.99863982e-01,
          -9.94567990e-01, -6.38743997e-01 ]
      - [ -9.77783978e-01, -8.27120006e-01, -9.99575973e-01,
          -9.63724017e-01, -9.99616027e-01, -9.44571972e-01,
          -9.83056009e-01, -9.97352004e-01, -9.99687612e-01,
          -9.99888003e-01, -9.99831617e-01, -9.94567990e-01,
          -7.55159974e-01 ]
      - [ -9.51004028e-01, -7.96151996e-01, -1., -9.98552024e-01,
          -9.99759972e-01, -9.49779987e-01, -9.99544024e-01,
          -9.98008013e-01, -9.99671996e-01, -9.99891996e-01,
          -9.99783993e-01, -9.94563997e-01, -6.32391989e-01 ]
      - [ -9.53728020e-01, -8.09620023e-01, -9.98971999e-01,
          -9.84803975e-01, -9.99764025e-01, -9.64583993e-01,
          -9.84080017e-01, -9.97247994e-01, -9.99635994e-01,
          -9.99943972e-01, -9.99859571e-01, -9.94567990e-01,
          -6.69164002e-01 ]
      - [ -9.96919990e-01, -8.14719975e-01, -1., -9.97659981e-01, -1.,
          -9.16055977e-01, -9.67444003e-01, -1., -9.99857605e-01,
          -9.99791980e-01, -9.99922395e-01, -9.93996024e-01,
          -9.58732009e-01 ]
      - [ -1., -7.35203981e-01, -9.99988019e-01, -9.99975979e-01, -1.,
          -9.84708011e-01, -9.72923994e-01, -1., -9.99821603e-01,
          -9.99715984e-01, -9.99857605e-01, -9.94000018e-01,
          -9.10731971e-01 ]
      - [ -9.77976024e-01, -9.99952018e-01, -1., -9.91331995e-01, -1.,
          -9.04828012e-01, -8.20424020e-01, -9.98287976e-01,
          -9.99840379e-01, -9.99668002e-01, -9.99859571e-01,
          -9.95167971e-01, -5.49131989e-01 ]
      - [ -9.99920011e-01, -9.99988019e-01, -1., -9.99396026e-01, -1.,
          -7.08108008e-01, -9.85387981e-01, -1., -9.99910414e-01,
          -9.99632001e-01, -9.99918401e-01, -9.95199978e-01,
          -8.28332007e-01 ]
      - [ -9.89823997e-01, -9.01427984e-01, -9.91923988e-01,
          -9.99284029e-01, -1., -9.14363980e-01, -8.95976007e-01, -1.,
          -9.99852002e-01, -9.99671996e-01, -9.99872029e-01,
          -9.94000018e-01, -5.88331997e-01 ]
      - [ -1., -1., -1., -1., -1., -7.48236001e-01, -9.47163999e-01,
          -9.97399986e-01, -9.99818027e-01, -9.99679983e-01,
          -9.99849200e-01, -9.94668007e-01, -5.53932011e-01 ]
      - [ -9.29127991e-01, -9.99836028e-01, -9.85036016e-01,
          -8.97203982e-01, -1., -8.99088025e-01, -9.83331978e-01,
          -9.99176025e-01, -9.99807179e-01, -9.99652028e-01,
          -9.99821603e-01, -9.94567990e-01, -7.91607976e-01 ]
      - [ -9.39855993e-01, -9.99924004e-01, -9.96876001e-01,
          -8.73016000e-01, -9.99984026e-01, -9.05488014e-01,
          -9.78908002e-01, -9.98748004e-01, -9.99808013e-01,
          -9.99715984e-01, -9.99844015e-01, -9.94567990e-01,
          -7.89608002e-01 ]
      - [ -1., -9.99831975e-01, -1., -9.98928010e-01, -1.,
          -7.56851971e-01, -9.38856006e-01, -9.98332024e-01,
          -9.99800026e-01, -9.99772012e-01, -9.99859571e-01,
          -9.93791997e-01, -5.57132006e-01 ]
      - [ -9.48895991e-01, -9.99252021e-01, -9.98391986e-01,
          -9.34476018e-01, -9.97835994e-01, -8.52072001e-01,
          -9.87595975e-01, -9.74280000e-01, -9.99787629e-01,
          -9.99715984e-01, -9.99823570e-01, -9.94575977e-01,
          -7.95207977e-01 ]
      - [ -9.68096018e-01, -9.99960005e-01, -9.98531997e-01,
          -9.23232019e-01, -9.99943972e-01, -8.12312007e-01,
          -9.91512001e-01, -9.99212027e-01, -9.99768376e-01,
          -9.99688029e-01, -9.99795616e-01, -9.94567990e-01,
          -7.90008008e-01 ]
      - [ -9.70791996e-01, -9.89808023e-01, -9.89040017e-01,
          -9.63912010e-01, -9.99975979e-01, -8.25868011e-01,
          -9.54183996e-01, -9.99220014e-01, -9.99764025e-01,
          -9.99759972e-01, -9.99819994e-01, -9.94567990e-01,
          -7.92007983e-01 ]
      - [ -1., -1., -1., -1., -1., -7.05612004e-01, -9.87187982e-01, -1.,
          -9.99821603e-01, -9.99652028e-01, -9.99836028e-01,
          -9.93996024e-01, -9.56731975e-01 ]
      - [ -9.55959976e-01, -9.30548012e-01, -8.81027997e-01,
          -9.52275991e-01, -1., -9.81167972e-01, -9.91819978e-01, -1.,
          -9.99704421e-01, -9.99888003e-01, -9.99844015e-01,
          -9.95191991e-01, -6.69532001e-01 ]
      - [ -9.18896019e-01, -9.65484023e-01, -9.98175979e-01,
          -9.14795995e-01, -1., -9.41039979e-01, -9.71664011e-01,
          -9.82743979e-01, -9.99671996e-01, -9.99920011e-01,
          -9.99852002e-01, -9.95364010e-01, -6.67931974e-01 ]
      - [ -9.61052001e-01, -9.12584007e-01, -9.38340008e-01,
          -9.65219975e-01, -1., -9.47236001e-01, -9.68371987e-01,
          -9.99996006e-01, -9.99700010e-01, -9.99891996e-01,
          -9.99844015e-01, -9.95199978e-01, -6.73132002e-01 ]
      - [ -9.66171980e-01, -8.86720002e-01, -9.99776006e-01,
          -9.96739984e-01, -9.98347998e-01, -8.48735988e-01,
          -9.98184025e-01, -9.98124003e-01, -9.99687612e-01,
          -9.99816000e-01, -9.99776423e-01, -9.94563997e-01,
          -6.69992030e-01 ]
      - [ -9.95747983e-01, -9.99459982e-01, -9.99931991e-01,
          -9.76212025e-01, -9.96991992e-01, -7.29272008e-01,
          -9.97024000e-01, -9.98160005e-01, -9.99668419e-01,
          -9.99903977e-01, -9.99831617e-01, -9.93752003e-01,
          -6.72792017e-01 ]
      - [ -9.64663982e-01, -7.96995997e-01, -9.99732018e-01,
          -9.97111976e-01, -9.99523997e-01, -9.38275993e-01,
          -9.98391986e-01, -9.98103976e-01, -9.99660373e-01,
          -9.99884009e-01, -9.99804378e-01, -9.94563997e-01,
          -6.70391977e-01 ]
      - [ -9.82028008e-01, -9.33528006e-01, -9.99907970e-01,
          -9.83363986e-01, -1., -8.35420012e-01, -9.60336030e-01,
          -9.98215973e-01, -9.99632418e-01, -9.99907970e-01,
          -9.99804378e-01, -9.94567990e-01, -6.73951983e-01 ]
      - [ -9.74763989e-01, -8.63788009e-01, -9.99948025e-01,
          -9.77208018e-01, -1., -9.16620016e-01, -9.62339997e-01,
          -9.98131990e-01, -9.99607623e-01, -9.99907970e-01,
          -9.99783993e-01, -9.94567990e-01, -6.73551977e-01 ]
   decision_functions:
      -
         sv_count: 26
         rho: -1.5182256482450282e-01
         alpha: [ 2.1962777857084004e-01, 5.5546462594212143e-01,
             3.0350571196697387e+00, 2.1917071513790681e-01,
             2.6213857443599444e+00, 4.8279133300843519e-01, 10., 10.,
             10., 6.0025853021354658e-01, 9.5284274345529383e+00,
             9.6821046254974674e-01, 4.8174391191796706e-01,
             1.4670102802735679e-01, 6.9515752990707347e-01,
             6.9119682648763148e-01, -1.1157800972933463e+00,
             -2.2564010955700149e+00, -3.2357326866867049e+00,
             -5.6723210916901978e+00, -5.5729357750299116e+00,
             -2.9799392017200192e+00, -10., -9.3438556057932445e+00,
             -9.1826617662134957e+00, -8.8556572034830461e-01 ]
         index: [ 0, 1, 2, 3, 4, 5, 6, 7, 8, 9, 10, 11, 12, 13, 15, 16,
             17, 18, 19, 21, 22, 23, 24, 25, 26, 27 ]
      -
         sv_count: 20
         rho: -4.9942248037403469e-01
         alpha: [ 6.5800176743925587e-01, 7.5233534329362828e-01,
             2.3719066262091699e+00, 7.0029531479457341e-02,
             5.3165357281209102e-01, 3.1157180448449528e-01,
             4.0809168909902183e-01, 3.5665026236125423e+00,
             1.6911105534392141e+00, 3.2972656560140634e+00,
             4.6198681571040172e+00, 4.0562396968021541e-01,
             3.8894541298474178e-01, -1.4955235877608044e+00,
             -1.0286530524093551e+00, -1.7963285820973578e+00,
             -1.5216440117688452e+00, -8.8251475501933498e+00,
             -6.6879844805430955e-01, -3.7368114753678912e+00 ]
         index: [ 0, 2, 5, 6, 7, 9, 10, 11, 12, 13, 14, 15, 16, 28, 29,
             30, 32, 33, 34, 35 ]
      -
         sv_count: 18
         rho: -1.7292153973642355e-01
         alpha: [ 6.8892343771747966e-01, 6.8616193984682028e-01,
             1.0089583690718167e+00, 7.4230820640165063e-01,
             1.3364481618976204e-01, 6.7236006774324275e-01,
             2.8277288797104511e-01, 2.8338245444293264e-01,
             6.2041277623070135e-01, 7.1934384347636882e-01,
             -9.9846172258335419e-01, -1.0383168937138700e+00,
             -7.2809497501905490e-02, -3.2195386023921552e-01,
             -1.2622088927325759e+00, -9.2037143457092696e-01,
             -8.4138727245769040e-01, -3.8275922529228135e-01 ]
         index: [ 17, 18, 19, 20, 21, 22, 23, 25, 26, 27, 28, 29, 30, 31,
             32, 33, 34, 35 ]
